400 -16.000000 0.000000 -55.000000
401 -16.000000 0.000000 -55.000000
402 -16.000000 0.000000 -55.000000
403 -16.000000 0.000000 -55.000000
404 -16.000000 0.000000 -55.000000
405 -16.000000 0.000000 -55.000000
409 -16.000000 0.000000 -55.000000
410 -16.000000 0.000000 -55.000000
461 -16.000000 0.000000 -55.000000
412 -16.000000 0.000000 -55.000000
413 -16.000000 0.000000 -55.000000
540 -16.000000 0.000000 -55.000000
415 -16.000000 0.000000 -55.000000
418 -16.000000 0.000000 -55.000000
436 -16.000000 0.000000 -55.000000
502 -16.000000 0.000000 -55.000000
480 -16.000000 0.000000 -55.000000
468 -16.000000 0.000000 -55.000000
459 -16.000000 0.000000 -55.000000
521 -16.000000 0.000000 -55.000000

